printBuffer: 100
00000000:10 00 00 00 00 00 00 00 00 00 27 00 00 00 41 00 
00000010:31 00 00 00 61 00 4c 00 00 00 64 00 57 00 00 00 
00000020:63 00 62 00 00 00 62 00 78 00 00 00 61 00 83 00 
00000030:00 00 64 00 8e 00 00 00 63 00 a3 00 00 00 64 00 
00000040:ae 00 00 00 61 00 b9 00 00 00 64 00 ce 00 00 00 
00000050:61 00 d9 00 00 00 62 00 e4 00 00 00 65 00 f5 00 
00000060:00 00 66 00 
id == 0, key == null
printBuffer: 39
00000000:00 05 00 00 00 41 00 61 00 62 00 63 00 64 00 01 
00000010:00 00 00 02 00 00 00 05 00 00 00 08 00 00 00 0b 
00000020:00 00 00 00 00 00 00 
id == 1, key == A
printBuffer: 10
00000000:01 00 00 00 00 01 00 00 00 41 
id == 2, key == a
printBuffer: 27
00000000:00 03 00 00 00 64 00 63 00 65 00 03 00 00 00 04 
00000010:00 00 00 0e 00 00 00 00 00 00 00 
id == 3, key == d
printBuffer: 11
00000000:01 00 00 00 00 02 00 00 00 61 64 
id == 4, key == c
printBuffer: 11
00000000:01 00 00 00 00 02 00 00 00 61 63 
id == 5, key == b
printBuffer: 22
00000000:01 02 00 00 00 61 00 64 00 06 00 00 00 07 00 00 
00000010:00 01 00 00 00 62 
id == 6, key == a
printBuffer: 11
00000000:01 00 00 00 00 02 00 00 00 62 61 
id == 7, key == d
printBuffer: 11
00000000:01 00 00 00 00 02 00 00 00 62 64 
id == 8, key == c
printBuffer: 21
00000000:00 02 00 00 00 64 00 61 00 09 00 00 00 0a 00 00 
00000010:00 00 00 00 00 
id == 9, key == d
printBuffer: 11
00000000:01 00 00 00 00 02 00 00 00 63 64 
id == 10, key == a
printBuffer: 11
00000000:01 00 00 00 00 02 00 00 00 63 61 
id == 11, key == d
printBuffer: 21
00000000:00 02 00 00 00 61 00 62 00 0c 00 00 00 0d 00 00 
00000010:00 00 00 00 00 
id == 12, key == a
printBuffer: 11
00000000:01 00 00 00 00 02 00 00 00 64 61 
id == 13, key == b
printBuffer: 11
00000000:01 00 00 00 00 02 00 00 00 64 62 
id == 14, key == e
printBuffer: 17
00000000:01 01 00 00 00 66 00 0f 00 00 00 02 00 00 00 61 
00000010:65 
id == 15, key == f
printBuffer: 12
00000000:01 00 00 00 00 03 00 00 00 61 65 66 
